[STATE]
ORIENT=3 50.000000 30.000000 30.000000 0.000000
ZOOMPAN=112 56 1009 507
ZOOMWINDOW=14.006523 0.000000 8.630383 -4.945005
LABELS=1100001100010000000111110000000000101100
SCALES1=14.279061
SCALES2=12.151481
SCALES3=0.100000
SCALES4=5.000000
SCALES5=50.000000
SCALES6=100.000000
SCALES7=100.000000
SCALES8=100.000000
SCALES9=100.000000
SCALES10=50.000000
SCALES11=10.000000
SCALES12=1.000000
SCALES13=50000.000000
SCALES14=0.100000
SCALES15=7.000000
SCALES16=3.000000
SCALES17=3.000000
